19 28 29 38 39 48 47 46 55 56 57 58 59 60 51 52 43 42 33 24 23 22 31 40 41 32 31 22 21 30 29 20
19 28 29 38 39 48 47 46 55 56 57 58 59 60 51 52 43 42 33 24 23 22 31 32 41 40 31 22 21 30 29 20
19 28 29 30 21 22 31 40 41 32 31 22 23 24 33 42 43 52 51 60 59 58 57 56 55 46 47 48 39 38 29 20
19 28 29 30 21 22 31 32 41 40 31 22 23 24 33 42 43 52 51 60 59 58 57 56 55 46 47 48 39 38 29 20
19 20 29 38 39 48 47 46 55 56 57 58 59 60 51 52 43 42 33 24 23 22 31 40 41 32 31 22 21 30 29 28
19 20 29 38 39 48 47 46 55 56 57 58 59 60 51 52 43 42 33 24 23 22 31 32 41 40 31 22 21 30 29 28
19 20 29 30 21 22 31 40 41 32 31 22 23 24 33 42 43 52 51 60 59 58 57 56 55 46 47 48 39 38 29 28
19 20 29 30 21 22 31 32 41 40 31 22 23 24 33 42 43 52 51 60 59 58 57 56 55 46 47 48 39 38 29 28
19 28 29 38 39 48 47 46 55 56 57 58 59 60 51 52 43 42 33 24 23 22 21 30 31 40 41 32 31 30 29 20
19 28 29 38 39 48 47 46 55 56 57 58 59 60 51 52 43 42 33 24 23 22 21 30 31 32 41 40 31 30 29 20
19 28 29 30 31 40 41 32 31 30 21 22 23 24 33 42 43 52 51 60 59 58 57 56 55 46 47 48 39 38 29 20
19 28 29 30 31 32 41 40 31 30 21 22 23 24 33 42 43 52 51 60 59 58 57 56 55 46 47 48 39 38 29 20
19 20 29 38 39 48 47 46 55 56 57 58 59 60 51 52 43 42 33 24 23 22 21 30 31 40 41 32 31 30 29 28
19 20 29 38 39 48 47 46 55 56 57 58 59 60 51 52 43 42 33 24 23 22 21 30 31 32 41 40 31 30 29 28
19 20 29 30 31 40 41 32 31 30 21 22 23 24 33 42 43 52 51 60 59 58 57 56 55 46 47 48 39 38 29 28
19 20 29 30 31 32 41 40 31 30 21 22 23 24 33 42 43 52 51 60 59 58 57 56 55 46 47 48 39 38 29 28
19 28 29 38 39 48 47 46 55 56 57 58 59 60 51 52 43 42 33 24 23 32 41 40 31 32 23 22 21 30 29 20
19 28 29 38 39 48 47 46 55 56 57 58 59 60 51 52 43 42 33 24 23 32 31 40 41 32 23 22 21 30 29 20
19 28 29 30 21 22 23 32 41 40 31 32 23 24 33 42 43 52 51 60 59 58 57 56 55 46 47 48 39 38 29 20
19 28 29 30 21 22 23 32 31 40 41 32 23 24 33 42 43 52 51 60 59 58 57 56 55 46 47 48 39 38 29 20
19 20 29 38 39 48 47 46 55 56 57 58 59 60 51 52 43 42 33 24 23 32 41 40 31 32 23 22 21 30 29 28
19 20 29 38 39 48 47 46 55 56 57 58 59 60 51 52 43 42 33 24 23 32 31 40 41 32 23 22 21 30 29 28
19 20 29 30 21 22 23 32 41 40 31 32 23 24 33 42 43 52 51 60 59 58 57 56 55 46 47 48 39 38 29 28
19 20 29 30 21 22 23 32 31 40 41 32 23 24 33 42 43 52 51 60 59 58 57 56 55 46 47 48 39 38 29 28
19 28 29 38 39 48 47 46 55 56 57 58 59 60 51 52 43 42 33 32 41 40 31 32 33 24 23 22 21 30 29 20
19 28 29 38 39 48 47 46 55 56 57 58 59 60 51 52 43 42 33 32 31 40 41 32 33 24 23 22 21 30 29 20
19 28 29 30 21 22 23 24 33 32 41 40 31 32 33 42 43 52 51 60 59 58 57 56 55 46 47 48 39 38 29 20
19 28 29 30 21 22 23 24 33 32 31 40 41 32 33 42 43 52 51 60 59 58 57 56 55 46 47 48 39 38 29 20
19 20 29 38 39 48 47 46 55 56 57 58 59 60 51 52 43 42 33 32 41 40 31 32 33 24 23 22 21 30 29 28
19 20 29 38 39 48 47 46 55 56 57 58 59 60 51 52 43 42 33 32 31 40 41 32 33 24 23 22 21 30 29 28
19 20 29 30 21 22 23 24 33 32 41 40 31 32 33 42 43 52 51 60 59 58 57 56 55 46 47 48 39 38 29 28
19 20 29 30 21 22 23 24 33 32 31 40 41 32 33 42 43 52 51 60 59 58 57 56 55 46 47 48 39 38 29 28
19 28 29 38 39 40 31 32 41 40 39 48 47 46 55 56 57 58 59 60 51 52 43 42 33 24 23 22 21 30 29 20
19 28 29 38 39 40 41 32 31 40 39 48 47 46 55 56 57 58 59 60 51 52 43 42 33 24 23 22 21 30 29 20
19 28 29 30 21 22 23 24 33 42 43 52 51 60 59 58 57 56 55 46 47 48 39 40 31 32 41 40 39 38 29 20
19 28 29 30 21 22 23 24 33 42 43 52 51 60 59 58 57 56 55 46 47 48 39 40 41 32 31 40 39 38 29 20
19 20 29 38 39 40 31 32 41 40 39 48 47 46 55 56 57 58 59 60 51 52 43 42 33 24 23 22 21 30 29 28
19 20 29 38 39 40 41 32 31 40 39 48 47 46 55 56 57 58 59 60 51 52 43 42 33 24 23 22 21 30 29 28
19 20 29 30 21 22 23 24 33 42 43 52 51 60 59 58 57 56 55 46 47 48 39 40 31 32 41 40 39 38 29 28
19 20 29 30 21 22 23 24 33 42 43 52 51 60 59 58 57 56 55 46 47 48 39 40 41 32 31 40 39 38 29 28
19 28 29 38 39 48 47 46 55 56 57 58 59 60 51 52 43 42 41 32 31 40 41 42 33 24 23 22 21 30 29 20
19 28 29 38 39 48 47 46 55 56 57 58 59 60 51 52 43 42 41 40 31 32 41 42 33 24 23 22 21 30 29 20
19 28 29 30 21 22 23 24 33 42 41 32 31 40 41 42 43 52 51 60 59 58 57 56 55 46 47 48 39 38 29 20
19 28 29 30 21 22 23 24 33 42 41 40 31 32 41 42 43 52 51 60 59 58 57 56 55 46 47 48 39 38 29 20
19 20 29 38 39 48 47 46 55 56 57 58 59 60 51 52 43 42 41 32 31 40 41 42 33 24 23 22 21 30 29 28
19 20 29 38 39 48 47 46 55 56 57 58 59 60 51 52 43 42 41 40 31 32 41 42 33 24 23 22 21 30 29 28
19 20 29 30 21 22 23 24 33 42 41 32 31 40 41 42 43 52 51 60 59 58 57 56 55 46 47 48 39 38 29 28
19 20 29 30 21 22 23 24 33 42 41 40 31 32 41 42 43 52 51 60 59 58 57 56 55 46 47 48 39 38 29 28
